1 0.3 331 10.40 48.65 1.62 78.81 13.2
2 0.2 332 6.95 48.65 1.63 79.30 8.8
3 0.4 331 13.87 48.65 1.63 79.30 17.5
4 0.4 331 13.87 48.65 1.74 84.65 16.4
5 0.6 331 20.80 48.65 1.86 90.49 23.0
6 0.8 330 27.65 48.65 2.00 97.30 28.4
7 0.9 330 31.10 48.65 2.08 101.19 30.7
8 1.1 330 38.01 48.65 2.26 109.95 34.6
9 1.3 330 44.93 48.64 2.42 117.71 38.2
10 1.7 329 58.57 48.63 2.70 131.30 44.6
11 2.1 330 72.57 48.62 3.11 151.21 48.0
12 2.7 329 93.03 48.60 3.57 173.50 53.6
13 3.2 328 109.92 48.59 4.00 194.36 56.6
14 3.8 329 130.92 48.57 4.58 222.45 58.9
15 4.5 329 155.04 48.55 5.10 247.61 62.6
16 5.4 327 184.92 48.52 5.86 284.33 65.0
17 6.3 327 215.74 48.50 6.74 326.89 66.0
18 7.4 326 252.63 48.47 7.43 360.13 70.2
19 8.5 325 289.30 48.44 8.30 402.05 72.0
20 9.7 323 328.11 48.41 9.37 453.60 72.3
21 10.9 321 366.42 48.38 10.22 494.44 74.1
22 12.0 320 402.14 48.35 11.25 543.94 73.9
23 13.4 319 447.65 48.31 12.15 586.97 76.3
24 14.8 308 477.37 48.30 12.20 589.26 81.0
25 16.0 278 465.81 48.31 12.07 583.10 79.9
26 17.6 254 468.15 48.31 12.07 583.10 80.3
27 18.9 231 457.21 48.30 12.08 583.46 78.4
28 20.1 211 444.14 48.31 12.09 584.07 76.0
29 22.0 195 449.26 48.31 12.08 583.58 77.0
30 23.2 179 434.89 48.31 12.08 583.58 74.5
31 24.8 166 431.12 48.31 12.08 583.58 73.9
32 26.2 154 422.54 48.31 12.07 583.10 72.5
33 27.5 143 411.82 48.31 12.07 583.10 70.6
34 29.5 133 410.88 48.31 12.07 583.10 70.5
35 31.0 124 402.56 48.31 12.07 583.10 69.0
36 32.1 115 386.59 48.31 12.07 583.10 66.3
37 34.4 107 385.46 48.31 12.06 582.62 66.2
38 35.3 100 369.67 48.31 12.05 582.14 63.5
39 37.1 92 357.44 48.31 12.08 583.58 61.2
40 38.4 86 345.84 48.31 12.06 582.62 59.4
41 40.2 80 336.79 48.31 12.06 582.62 57.8
42 41.7 74 323.15 48.31 12.06 582.62 55.5
43 43.2 68 307.63 48.31 12.06 582.62 52.8
44 44.8 60 281.50 48.31 11.75 567.64 49.6
45 45.1 39 184.20 48.35 10.20 493.17 37.3
46 48.9 18 92.18 48.42 8.06 390.27 23.6
47 43.1 1 4.51 48.51 5.62 272.63 1.7
48 42.9 0 0.00 48.53 5.54 268.86 0.0

